0
//=========================================================================================================================================================================================
// Section   Type   Level   Dur   Skill   Luck   Option   ExcOp   SetOp   JoH   OEx   Socket1   Socket2   Socket3   Socket4   Socket5   BonusSocket   Time   Comment
//=========================================================================================================================================================================================
   14        0      0       1     0       0      0        63      0       0     0     255       255       255       255       255       255           0 
   14        260    0       0     0       0      0        0       0       0     0     255       255       255       255       255       255           0
   14        260    10      0     0       0      0        63      0       0     0     255       255       255       255       255       255           0
   0         26     0       0     1       1      7        63      0       0     0     254       254       254       255       255       255           0
   0         26     10      0     1       1      1        35      0       0     0     254       254       254       255       255       255           0
   14        3      0       255   0       0      0        0       0       0     0     255       255       255       255       255       255           0
   14        3      0       120   0       0      0        0       0       0     0     255       255       255       255       255       255           0
   12        30     2       0     0       0      0        0       0       0     0     255       255       255       255       255       255           0
end

1
//=========================================================================================================================================================================================
// Section   Type   Level   Dur   Skill   Luck   Option   ExcOp   SetOp   JoH   OEx   Socket1   Socket2   Socket3   Socket4   Socket5   BonusSocket   Time   Comment
//=========================================================================================================================================================================================
   12        30     2       0     0       0      0        0       0       0     0     255       255       255       255       255       255           0
end


