/////////////////////////////////////////////////////////////////////////////
//Shop file created by Mu Editor MoMu Service [Shop Editor]
//coded by © MoMu   
//Decompiled by Virtual 
///////////////////////////
//Shop: SET BM
0
// -------------------------------------------------------------------------------------------------------------------------------------------------
// Section   Type   Level   Dur   Skill   Luck   Option   ExcOp   SetOp   JoH   OEx   Socket1   Socket2   Socket3   Socket4   Socket5   SocketBonus   Duration
// -------------------------------------------------------------------------------------------------------------------------------------------------
   7         21     15      0     0       1      7        44      0       125   0     255       255       255       255       255       255           0           //Great Dragon Helm
   7         29     15      0     0       1      7        44      0       125   128   255       255       255       255       255       255           0           //Dragon Knight Helm
   7         46     15      0     0       1      7        44      0       0     0     213       210       212       211       222       4             0           //Brave Helm
   7         45     15      0     0       1      7        44      0       0     0     213       210       212       211       222       4             0           //Titan Helm
   8         21     15      0     0       1      7        44      0       125   0     255       255       255       255       255       255           0           //Great Dragon Armor
   8         29     15      0     0       1      7        44      0       125   128   255       255       255       255       255       255           0           //Dragon Knight Armor
   8         46     15      0     0       1      7        44      0       0     0     213       210       212       211       236       4             0           //Brave Armor
   8         45     15      0     0       1      7        44      0       0     0     213       210       212       211       236       4             0           //Titan Armor
   9         21     15      0     0       1      7        44      0       125   0     255       255       255       255       255       255           0           //Great Dragon Pants
   9         29     15      0     0       1      7        44      0       125   128   255       255       255       255       255       255           0           //Dragon Knight Pants
   9         46     15      0     0       1      7        44      0       0     0     213       210       212       211       236       4             0           //Brave Pants
   9         45     15      0     0       1      7        44      0       0     0     213       210       212       211       236       4             0           //Titan  Pants
   10        21     15      0     0       1      7        44      0       125   0     255       255       255       255       255       255           0           //Great Dragon Gloves
   10        29     15      0     0       1      7        44      0       125   128   255       255       255       255       255       255           0           //Dragon Knight Gloves
   10        46     15      0     0       1      7        44      0       0     0     213       210       212       211       222       4             0           //Brave Gloves
   10        45     15      0     0       1      7        44      0       0     0     213       210       212       211       222       4             0           //Titan  Gloves
   11        21     15      0     0       1      7        44      0       125   0     255       255       255       255       255       255           0           //Great Dragon Boots
   11        29     15      0     0       1      7        44      0       125   128   255       255       255       255       255       255           0           //Dragon Knight Boots
   11        46     15      0     0       1      7        44      0       0     0     213       210       212       211       222       4             0           //Brave Boots
   11        45     15      0     0       1      7        44      0       0     0     213       210       212       211       222       4             0           //Titan Boots
   12        36     15      0     0       1      7        8       0       0     0     255       255       255       255       255       255           0           //ALAS S3 BM
end
