/////////////////////////////////////////////////////////////////////////////
//Shop file created by Mu Editor MoMu Service [Shop Editor]
//coded by © MoMu   
//Decompiled by Virtual 
///////////////////////////
//Shop: SET ELFA
0
// ---------------------------------------------------------------------------------------------------------------------------
// Section   Type   Level   Dur   Skill   Luck   Option   ExcOp   SetOp   JoH   OEx   Socket1   Socket2   Socket3   Socket4   Socket5   SocketBonus   Duration
// ----------------------------------------------------------------------------------------------------------------------------------------
   07        024    15      0     0       1      7        44      0       125   0     255       255       255       255       255       255           0           //Red Spirit Helm
   07        031    15      0     0       1      7        44      0       125   128   255       255       255       255       255       255           0           //Sylphid Ray Helm
   07        050    15      0     0       1      7        44      0       0     0     213       210       212       211       222       4             0           //Divine Helm
   07        049    15      0     0       1      7        44      0       0     0     213       210       212       211       222       4             0           //Seraphim Helm
   08        024    15      0     0       1      7        44      0       125   0     255       255       255       255       255       255           0           //Red Spirit Armor
   08        031    15      0     0       1      7        44      0       125   128   255       255       255       255       255       255           0           //Sylphid Ray Armor
   08        050    15      0     0       1      7        44      0       0     0     213       210       212       211       236       4             0           //Divine Armor
   08        049    15      0     0       1      7        44      0       0     0     213       210       212       211       236       4             0           //Seraphim Armor
   09        024    15      0     0       1      7        44      0       125   0     255       255       255       255       255       255           0           //Red Spirit Pants
   09        050    15      0     0       1      7        44      0       125   128   255       255       255       255       255       255           0           //Divine Pants
   09        049    15      0     0       1      7        44      0       0     0     213       210       212       211       236       4             0           //Seraphim Pants
   09        031    15      0     0       1      7        44      0       0     0     213       210       212       211       236       4             0           //Sylphid Ray Pants
   10        024    15      0     0       1      7        44      0       125   0     255       255       255       255       255       255           0           //Red Spirit Gloves
   10        050    15      0     0       1      7        44      0       125   128   255       255       255       255       255       255           0           //Divine Gloves
   10        049    15      0     0       1      7        44      0       0     0     213       210       212       211       222       4             0           //Seraphim Gloves
   10        031    15      0     0       1      7        44      0       0     0     213       210       212       211       222       4             0           //Sylphid Ray Gloves
   11        024    15      0     0       1      7        44      0       125   0     255       255       255       255       255       255           0           //Red Spirit Boots
   11        050    15      0     0       1      7        44      0       125   128   255       255       255       255       255       255           0           //Divine Boots
   11        049    15      0     0       1      7        44      0       0     0     213       210       212       211       222       4             0           //Seraphim Boots
   11        031    15      0     0       1      7        44      0       0     0     213       210       212       211       222       4             0           //Sylphid Ray Boots
   12        038    15      0     0       1      7        8       0       0     128   255       255       255       255       255       255           0           //ALAS S3
end
