/////////////////////////////////////////////////////////////////////////////
//Shop file created by Mu Editor MoMu Service [Shop Editor]
//coded by © MoMu   
//Decompiled by Virtual 
///////////////////////////
//Shop: SETS MAGO
0
// -----------------------------------------------------------------------------------------------------------------------------------------
// Section   Type   Level   Dur   Skill   Luck   Option   ExcOp   SetOp   JoH   OEx   Socket1   Socket2   Socket3   Socket4   Socket5   SocketBonus   Duration
// -----------------------------------------------------------------------------------------------------------------------------------------
   07        018    15      0     0       1      7        44      0       125   0     255       255       255       255       255       255           0           //Grand Soul Helm
   07        022    15      0     0       1      7        44      0       125   0     255       255       255       255       255       255           0           //Dark Soul Helm
   07        030    15      0     0       1      7        44      0       125   128   255       255       255       255       255       255           0           //Venom Mist Helm
   07        052    15      0     0       1      7        44      0       0     0     213       210       212       211       222       4             0           //Hades Helm
   08        018    15      0     0       1      7        44      0       125   0     255       255       255       255       255       255           0           //Grand Soul Armor
   08        022    15      0     0       1      7        44      0       125   0     255       255       255       255       255       255           0           //Dark Soul Armor
   08        030    15      0     0       1      7        44      0       125   128   255       255       255       255       255       255           0           //Venom Mist Armor
   08        052    15      0     0       1      7        44      0       0     0     213       210       212       211       236       4             0           //Hades Armor
   09        018    15      0     0       1      7        44      0       125   0     255       255       255       255       255       255           0           //Grand Soul Pants
   09        022    15      0     0       1      7        44      0       125   0     255       255       255       255       255       255           0           //Dark Soul Pants
   09        030    15      0     0       1      7        44      0       125   128   255       255       255       255       255       255           0           //Venom Mist Pants
   09        052    15      0     0       1      7        44      0       0     0     213       210       212       211       236       4             0           //Hades Pants
   10        018    15      0     0       1      7        44      0       125   0     255       255       255       255       255       255           0           //Grand Soul Gloves
   10        022    15      0     0       1      7        44      0       125   0     255       255       255       255       255       255           0           //Dark Soul Gloves
   10        030    15      0     0       1      7        44      0       125   128   255       255       255       255       255       255           0           //Venom Mist Gloves
   10        052    15      0     0       1      7        44      0       0     0     213       210       212       211       222       4             0           //Hades Gloves
   11        018    15      0     0       1      7        44      0       125   0     255       255       255       255       255       255           0           //Grand Soul Boots
   11        022    15      0     0       1      7        44      0       125   0     255       255       255       255       255       255           0           //Dark Soul Boots
   11        030    15      0     0       1      7        44      0       125   128   255       255       255       255       255       255           0           //Venom Mist Boots
   11        052    15      0     0       1      7        44      0       0     0     213       210       212       211       222       4             0           //Hades Boots
   12        037    15      0     0       1      7        8       0       0     128   255       255       255       255       255       255           0           //ALAS S3
end
