/////////////////////////////////////////////////////////////////////////////
//Shop file created by Mu Editor MoMu Service [Shop Editor]
//coded by © MoMu   
//Decompiled by Virtual 
///////////////////////////
//Shop: SETS DEL GLORIOSO MG
0
// -----------------------------------------------------------------------------------------------------------------------------------------
// Section   Type   Level   Dur   Skill   Luck   Option   ExcOp   SetOp   JoH   OEx   Socket1   Socket2   Socket3   Socket4   Socket5   SocketBonus   Duration
// -----------------------------------------------------------------------------------------------------------------------------------------
   08        023    15      0     0       1      7        44      0       125   0     255       255       255       255       255       255           0           //Hurricane Armor
   08        032    15      0     0       1      7        44      0       125   128   255       255       255       255       255       255           0           //Volcano Armor
   08        048    15      0     0       1      7        44      0       0     0     213       210       212       211       236       4             0           //Destroy Armor
   08        047    15      0     0       1      7        44      0       0     0     213       210       212       211       236       4             0           //Phantom Armor
   09        023    15      0     0       1      7        44      0       125   0     255       255       255       255       255       255           0           //Hurricane Pants
   09        032    15      0     0       1      7        44      0       125   128   255       255       255       255       255       255           0           //Volcano Pants
   09        048    15      0     0       1      7        44      0       0     0     213       210       212       211       236       4             0           //Destroy Pants
   09        047    15      0     0       1      7        44      0       0     0     213       210       212       211       236       4             0           //Phantom  Pants
   10        023    15      0     0       1      7        44      0       125   0     255       255       255       255       255       255           0           //Hurricane Gloves
   10        032    15      0     0       1      7        44      0       125   128   255       255       255       255       255       255           0           //Volcano Gloves
   10        048    15      0     0       1      7        44      0       0     0     213       210       212       211       222       4             0           //Destroy Gloves
   10        047    15      0     0       1      7        44      0       0     0     213       210       212       211       222       4             0           //Phantom  Gloves
   11        023    15      0     0       1      7        44      0       125   0     255       255       255       255       255       255           0           //Hurricane Boots
   11        032    15      0     0       1      7        44      0       125   128   255       255       255       255       255       255           0           //Volcano Boots
   11        048    15      0     0       1      7        44      0       0     0     213       210       212       211       222       4             0           //Destroy Boots
   11        047    15      0     0       1      7        44      0       0     0     213       210       212       211       222       4             0           //Phantom Boots
   12        039    15      0     0       1      7        8       0       0     128   255       255       255       255       255       255           0           //ALAS S3
end
