/////////////////////////////////////////////////////////////////////////////
//Shop file created by Mu Editor MoMu Service [Shop Editor]
//coded by © MoMu   
//Decompiled by Virtual 
///////////////////////////
//Shop: SETS RF SIN SET 400 NO LO ENCONTRE
0
// -----------------------------------------------------------------------------------------------------------------------------------------
// Section   Type   Level   Dur   Skill   Luck   Option   ExcOp   SetOp   JoH   OEx   Socket1   Socket2   Socket3   Socket4   Socket5   SocketBonus   Duration
// -----------------------------------------------------------------------------------------------------------------------------------------
   07        059    15      0     0       1      7        44      0       125   0     255       255       255       255       255       255           0           //Sacred Helm
   07        060    15      0     0       1      7        44      0       125   0     255       255       255       255       255       255           0           //Storm Hard Helm
   07        061    15      0     0       1      7        44      0       125   0     255       255       255       255       255       255           0           //Piercing Helm
   07        073    15      0     0       1      7        44      0       125   128   255       255       255       255       255       255           0           //Phoenix Soul Helm
   08        059    15      0     0       1      7        44      0       125   0     255       255       255       255       255       255           0           //Sacred Armor
   08        060    15      0     0       1      7        44      0       125   0     255       255       255       255       255       255           0           //Storm Hard Armor
   08        061    15      0     0       1      7        44      0       125   0     255       255       255       255       255       255           0           //Piercing Armor
   08        073    15      0     0       1      7        44      0       125   128   255       255       255       255       255       255           0           //Phoenix Soul Armor
   09        059    15      0     0       1      7        44      0       125   0     255       255       255       255       255       255           0           //Sacred Pants
   09        060    15      0     0       1      7        44      0       125   0     255       255       255       255       255       255           0           //Storm Hard Pants
   09        061    15      0     0       1      7        44      0       125   0     255       255       255       255       255       255           0           //Piercing Pants
   09        073    15      0     0       1      7        44      0       125   128   255       255       255       255       255       255           0           //Phoenix Soul Pants
   11        059    15      0     0       1      7        44      0       125   0     255       255       255       255       255       255           0           //Sacred Boots
   11        060    15      0     0       1      7        44      0       125   0     255       255       255       255       255       255           0           //Storm Hard Boots
   11        061    15      0     0       1      7        44      0       125   0     255       255       255       255       255       255           0           //Piercing Boots
   11        073    15      0     0       1      7        44      0       125   128   255       255       255       255       255       255           0           //Phoenix Soul Boots
   12        050    15      0     0       1      7        8       0       0     128   255       255       255       255       255       255           0           //ALAS S3
end
