/////////////////////////////////////////////////////////////////////////////
//Shop file created by Mu Editor MoMu Service [Shop Editor]
//coded by © MoMu   
//Decompiled by Virtual 
///////////////////////////
//Shop: armas
0
// ----------------------------------------------------------------------------------------------------------------------------------------------------------
// Section   Type   Level   Dur   Skill   Luck   Option   ExcOp   SetOp   JoH   OEx   Socket1   Socket2   Socket3   Socket4   Socket5   SocketBonus   Duration
// ----------------------------------------------------------------------------------------------------------------------------------------------------------
// ARMAS 380
// -----------------------------------------------------------------------------------------------------------------------------------------------------------
   00        022    15      0     1       1      7        44      0       173   128   255       255       255       255       255       255           0           //Bone Blade
   00        023    15      0     1       1      7        44      0       173   128   255       255       255       255       255       255           0           //Explosion Blade
   00        035    15      0     1       1      7        44      0       173   128   255       255       255       255       255       255           0           //Phoenix Soul Star
   02        014    15      0     1       1      7        44      0       173   128   255       255       255       255       255       255           0           //Soleil Sceptor
   04        021    15      0     1       1      7        44      0       173   128   255       255       255       255       255       255           0           //Sylph Wind Bow
   05        012    15      0     0       1      7        44      0       141   128   255       255       255       255       255       255           0           //Grand Viper Staff
   05        019    15      0     0       1      7        44      0       141   128   255       255       255       255       255       255           0           //Storm Blitz Stick
// ----------------------------------------------------------------------------------------------------------------------------------------------------------
// ARMAS SOCKET
// -----------------------------------------------------------------------------------------------------------------------------------------
   00        026    15      0     1       1      7        44      0       0     0     230       232       231       218       204       0             0           //Flameberge
   00        027    15      0     1       1      7        44      0       0     0     230       232       231       218       204       0             0           //Sword Breaker
   00        028    15      0     1       1      7        44      0       0     0     230       232       231       218       204       0             0           //Rune Bastard Sword
   02        016    15      0     1       1      7        44      0       0     0     230       232       231       218       204       0             0           //Frost Mace
   02        017    15      0     1       1      7        44      0       0     0     230       232       231       218       204       0             0           //Absolute Scepter
   04        023    15      0     1       1      7        44      0       0     0     230       232       231       218       204       0             0           //Dark Stinger
   05        020    15      0     0       1      7        44      0       0     0     230       232       231       218       204       2             0           //Eternal Wing Stick
   05        031    15      0     0       1      7        44      0       0     0     230       232       231       218       204       2             0           //Imperial Staff
   06        017    15      0     1       1      7        44      0       0     0     213       210       212       211       222       4             0           //Crimson Glory
   06        018    15      0     1       1      7        44      0       0     0     213       210       212       211       222       4             0           //Salamander Shield
   06        019    15      0     1       1      7        44      0       0     0     213       210       212       211       222       4             0           //Frost Barrier
   06        020    15      0     1       1      7        44      0       0     0     213       210       212       211       222       4             0           //Guardian Shield
end
