/////////////////////////////////////////////////////////////////////////////
//Shop file created by Mu Editor MoMu Service [Shop Editor]
//coded by © MoMu	
//Decompiled by Virtual	
///////////////////////////
//Shop: armas
0
// ----------------------------------------------------------------------------------------------------------------------------------------------------------
// Section   Type   Level   Dur   Skill   Luck   Option   ExcOp   SetOp   JoH   OEx   Socket1   Socket2   Socket3   Socket4   Socket5   SocketBonus   Duration
// ----------------------------------------------------------------------------------------------------------------------------------------------------------
// ARMAS ARCHANGEL
// -----------------------------------------------------------------------------------------------------------------------------------------
   00        019    15      0     1       1      7        44      0       173   0     255       255       255       255       255       255           0        //Divine Sword of Archangel
   02        013    15      0     1       1      7        44      0       173   0     255       255       255       255       255       255           0        //Divine Scepter of Archangel
   04        018    15      0     1       1      7        44      0       173   0     255       255       255       255       255       255           0        //Divine Crossbow of Archangel
   05        010    15      0     0       1      7        44      0       141   0     255       255       255       255       255       255           0        //Divine Staff of Archangel
   05        036    15      0     0       1      7        44      0       141   0     255       255       255       255       255       255           0        //Divine Stick of the Archangel
// ----------------------------------------------------------------------------------------------------------------------------------------------------------
// ARMAS PRE 380
// -----------------------------------------------------------------------------------------------------------------------------------------
   02        018    15      0     1       1      7        44      0       173   0     255       255       255       255       255       255           0        //Striker Scepter
   03        011    15      0     1       1      7        44      0       173   0     255       255       255       255       255       255           0        //Brova
   04        024    15      0     1       1      7        44      0       173   0     255       255       255       255       255       255           0        //Aileen Bowr
   05        033    15      0     0       1      7        44      0       141   0     255       255       255       255       255       255           0        //Chromatic Staff
   05        034    15      0     1       1      7        44      0       141   0     255       255       255       255       255       255           0        //Raven Stick
// ----------------------------------------------------------------------------------------------------------------------------------------------------------
// ARMAS S3
// -----------------------------------------------------------------------------------------------------------------------------------------
   00        025    15      0     1       1      7        44      0       173   0     255       255       255       255       255       255           0        //Daybreak
   00        024    15      0     1       1      7        44      0       173   0     255       255       255       255       255       255           0        //Sword Dancer
   04        022    15      0     1       1      7        44      0       173   0     255       255       255       255       255       255           0        //Albatross Bow
   05        013    15      0     1       1      7        44      0       141   0     255       255       255       255       255       255           0        //Platina Staff
// ----------------------------------------------------------------------------------------------------------------------------------------------------------
// ESCUDOS
// -----------------------------------------------------------------------------------------------------------------------------------------
   06        013    15      0     1       1      7        44      0       125   0     255       255       255       255       255       255           0        //Dragon Shield
   06        015    15      0     1       1      7        44      0       125   0     255       255       255       255       255       255           0        //Grand Soul Shield
   06        021    15      0     1       1      7        44      0       125   0     255       255       255       255       255       255           0        //Cross Shield
end
