//========================================================================================================
// ItemIndex   EffectIndex   EffectValue   EffectLevel   ColorR   ColorG   ColorB   Type   Size   CSide
//========================================================================================================
// 350         32077         1             0             2.5      0.5      0.5      9.0    0.5    0.0
// 10000       32077         1             0             2.5      0.5      0.5      9.0    0.5    0.0
// 10001       32077         1             0             2.5      0.5      0.5      9.0    0.5    0.0
// 10002       32077         1             0             2.5      0.5      0.5      9.0    0.5    0.0
// 8934        32077         14            0             2.5      0.5      0.5      9.0    0.5    0.0
// 8934        32077         7             0             2.5      0.5      0.5      9.0    0.5    0.0
// 8934        32077         21            0             2.5      0.5      0.5      9.0    0.5    0.0
end